4 640 “ Ε1101111101111

4944144 61.1111111111111111“- 944111111114114114Μ

4 1111111, 171..1 10 11141111111161111111111,
. 4974148 1. sennensem·
49476149 1661111111111111113 6

4110111114111111111811
11011,4“1.4.6.

,.111111,161 auno 4 114111,1111“411111[,11
1111410111 1440411161, ,44 ,,46 ·
11.
4014148 111.111111.111,4111’4498011171Η4341111116111
4 ¹ 415116111411111, '12 Imperator 61111614
401414141111.,11111111111“ 4 44...41
4 4641611111441.. 4111111111. 444. 31111111

311111,1.9.1.4. 46 ·
963 1111111611.1.“.417.111
4 4 Bellum 11111111 6 Ε111114,1111111110111·
400

11111014..11011>Το.·1111014 SYRIAEET

5 10110 11100 18116..

404614411111111611115114111 4
11114 ,1.
4041149Αῑ1.606.4 40486 1.1)111111116111161111,11
benum .11111ἱ634,,3 9.
111111,441404014711.Α11111111111,44.9
1,71111114. 10. 4
4046 111.Ρ·1111111.1111.406016011101111111111144114
evergetes 29 5063 1111..1111111611111’11·9
111, 6,1,.8 1
4084166111111111111111114 4071164111611111111141114 4
1441111,4111’11 4 111111,381011
11411, 48 8. 40761641111111161116144111, 11 4
11151 ¹17 49,1,9. 6 4
4 4018167111. 1111111111411418 1
41041701111111111111111,1111111,39,,1,,1.
,l 4411166601, 44101111111.111114411.1161
1111,494,.1 1 · 111161111Ρ111611Ῑ11-
411111, 1111411144
11101141 111111161141411 4
41111741111111111111 4111111 1611144111 1146 6
1411111,4111’ 11 41111141 4166161111.

mam fiuntc 4108 Η111114411114111141141141 1
.6,, ”3⁸⁸⁸2022518 6 441113011111111111111 6

5120. ,

11 111111 Gallograecis.
1
1
1

 

